3607,0,0
2496,4,0
1270,1,0
4591,1,1
2802,3,0
3227,3,0
2642,1,0
2604,3,2
2282,5,0
2231,0,1
4173,2,0
3875,4,0
3514,7,0
3969,2,0
3125,3,1
2620,6,0
4821,6,1
237,2,0
1730,3,2
3595,6,5
1456,0,4
4060,2,0
526,2,0
4090,2,6
1985,4,0
1998,2,0
4898,3,2
1547,3,5
4769,5,0
1143,7,0
1138,0,8
946,2,0
4904,2,8
3388,4,0
1857,4,1
1081,4,8
169,4,8
2924,5,0
653,6,7
579,7,9
561,2,7
4215,3,1
3522,3,2
2893,6,0
2897,6,0
2345,0,0
1329,2,5
4413,6,5
1806,1,2
3520,2,5
3811,2,8
3178,4,0
4584,5,1
2799,7,9
2058,2,8
1534,6,0
3116,3,10
915,6,0
2276,6,5
3381,0,0
4922,0,1
32,2,4
1601,3,3
3267,7,0
3503,7,0
737,0,12
1945,1,0
612,1,1
2877,1,3
1264,2,0
4316,2,1
4844,1,0
4635,1,3
4263,2,1
2522,2,13
3426,4,0
1966,6,15
4113,0,0
415,0,1
1294,1,0
800,2,0
1420,2,7
2449,2,10
4734,2,18
3631,4,0
4049,4,1
910,4,18
9,5,3
2457,6,15
4199,6,15
2160,7,16
4186,0,19
391,3,0
1982,3,5
1757,3,13
3798,6,11
2538,0,0
2410,1,17
3960,2,4
4018,4,0
598,5,3
2980,5,13
3575,7,16
2973,0,21
4266,1,0
2189,1,1
4942,1,18
3333,2,5
2798,2,17
1865,3,6
2239,5,3
990,7,9
2257,7,16
88,0,19
3822,0,20
4012,2,0
1736,2,0
2871,2,4
3861,2,8
2554,2,16
480,4,18
2816,6,15
367,6,18
4440,7,0
858,0,1
3567,0,16
1746,1,19
251,2,4
4969,3,5
4306,4,4
2711,4,19
4960,5,13
2354,6,11
847,6,15
707,2,17
2726,4,0
4237,5,13
3341,0,0
986,0,1
1180,0,16
1041,1,0
1509,1,1
525,2,8
3220,2,17
2636,3,2
2843,3,5
635,3,16
3083,4,0
3090,4,23
743,4,25
1934,5,9
2021,7,10
936,7,19
2204,7,21
699,7,22
4337,0,4
3066,1,0
2481,2,9
4350,2,14
3537,2,23
141,4,0
3209,5,19
1752,6,0
3804,6,20
2764,7,0
2779,7,13
1140,0,0
2140,0,0
4234,0,12
3524,0,19
3242,1,0
1316,1,2
1351,1,3
1722,2,17
4200,2,23
4542,3,7
2735,4,0
1682,4,8
807,4,8
4465,4,8
2211,4,18
4277,4,18
4247,4,19
4194,4,19
2756,4,21
497,5,0
834,5,3
4259,5,13
902,6,5
4041,0,0
810,3,5
2437,4,0
2634,7,9
4694,7,9
253,7,16
1072,0,1
1978,0,16
2960,0,28
3241,1,0
3902,2,12
562,2,23
2886,3,1
4879,4,29
4610,5,10
2268,6,0
352,6,1
2601,7,26
560,1,19
2455,1,27
4669,2,19
3676,3,2
1983,3,16
4980,3,20
640,4,18
3427,5,0
4321,5,3
267,6,11
3151,7,4
4063,0,12
1281,0,29
896,0,30
2621,1,2
975,1,27
755,1,30
3191,1,30
2639,2,10
3208,2,23
1167,2,28
1058,3,0
1749,3,2
2028,4,18
700,4,19
991,5,10
3314,5,26
345,6,0
4929,7,4
1077,7,26
3047,4,0
852,4,10
2858,4,22
4391,5,0
4839,6,5
589,6,20
4848,6,27
4508,6,27
4071,7,32
1964,0,20
414,0,26
139,2,11
2395,2,27
302,3,5
1300,4,10
1195,4,18
2660,4,28
1662,5,3
3412,5,9
4169,5,25
3399,6,31
1393,7,0
3008,7,29
503,0,16
1723,0,26
1075,0,30
3384,1,3
3779,1,30
135,2,28
2849,4,0
1598,4,21
3081,4,27
1975,4,28
1667,5,27
2482,5,28
2637,6,0
1112,6,15
2181,6,15
2701,0,21
1064,1,22
4958,1,26
1381,1,30
797,2,4
3437,2,4
952,2,7
3274,3,1
507,3,5
1583,3,7
4191,3,33
4157,4,8
4581,4,24
1973,4,28
4461,5,0
3204,5,9
4156,5,9
3272,6,0
1545,6,11
2041,6,15
4533,7,16
1877,7,26
645,0,12
1117,0,21
4554,0,26
3997,1,0
1080,1,17
4585,1,19
1436,1,22
2416,2,8
2668,2,10
2089,3,20
4030,4,33
1084,5,36
3025,6,18
657,6,24
1990,7,9
4151,1,32
1850,2,1
4267,2,4
2363,2,9
1446,2,9
3889,2,23
4172,2,36
2891,3,10
1487,3,20
283,3,29
705,4,26
4989,5,31
419,6,0
984,6,11
1238,6,23
359,0,35
2581,1,0
3698,1,2
4444,1,14
1204,2,5
3599,2,14
1641,4,0
3825,6,11
3757,6,15
2125,6,32
2068,7,16
3839,7,23
379,1,0
1243,1,1
1531,1,22
1912,2,0
4605,2,7
2313,2,13
1794,3,32
3972,4,18
3225,4,30
1094,5,27
908,6,36
2445,7,0
4570,7,34
1126,0,1
126,0,28
2167,0,28
3185,0,35
143,1,0
3767,1,2
457,1,37
1106,2,23
1129,2,37
738,3,16
3326,4,0
3834,4,2
3232,4,18
962,4,37
2144,5,13
4918,6,5
65,6,5
1754,6,11
3893,7,27
4054,0,0
4102,0,10
1888,0,24
1221,0,26
3093,0,27
3871,0,28
3874,0,39
3102,2,0
1565,2,17
2983,2,18
1949,4,0
732,4,4
1188,4,26
625,4,33
2442,5,33
3098,5,34
763,7,16
879,7,34
3315,0,0
1184,0,41
3529,1,22
191,1,30
4074,4,13
1760,4,19
3783,4,32
294,6,12
2067,6,19
4442,6,39
4470,7,32
1891,7,40
543,0,17
830,0,42
3796,1,17
833,1,19
630,2,0
2948,3,5
4227,4,19
3357,4,26
464,6,5
4566,7,22
3638,0,12
4742,0,32
2233,0,42
1709,1,13
1181,1,17
4462,1,17
1429,2,17
3546,2,19
1053,2,41
1312,3,15
3820,4,8
2777,4,21
393,4,36
155,4,42
4028,6,11
1453,6,36
1246,6,36
3788,6,39
4129,7,9
1904,7,27
203,7,39
20,7,40
4971,0,0
3743,0,20
4291,2,36
3739,3,0
1383,3,40
1933,4,0
4924,5,3
358,5,13
531,5,22
838,5,31
3181,5,34
2111,6,1
4499,6,30
1115,6,41
518,7,0
4739,7,31
2215,7,40
3245,0,16
3199,0,21
420,0,45
2805,1,18
4519,1,18
4339,1,19
3668,1,22
4497,1,22
3320,1,25
652,1,37
2781,1,41
390,2,1
4386,2,4
2024,2,8
3322,2,44
4360,3,46
343,4,1
4251,4,10
4996,4,18
2674,5,31
81,5,41
4609,5,46
164,6,1
1630,6,28
3883,6,45
4385,7,34
4708,0,28
327,0,46
2855,1,13
2641,1,26
1928,1,30
4278,1,40
3933,1,47
3070,2,5
2760,2,39
4931,2,40
2272,3,0
4372,3,5
4636,3,9
1108,3,30
2761,4,0
4488,4,1
1508,4,45
3260,6,0
2770,6,0
3319,7,27
2335,7,30
1882,7,34
2418,7,40
1375,7,47
934,0,0
3281,0,26
4036,0,42
3633,1,2
1427,1,19
4511,1,30
4126,1,32
3493,1,41
2920,2,19
2901,2,32
3285,3,7
698,3,15
3462,3,36
4494,4,13
4170,4,26
3918,4,29
132,4,33
3212,4,44
3354,6,0
758,6,11
814,6,11
124,6,47
947,7,9
3884,7,34
1611,0,0
4477,0,1
3981,0,12
1518,0,22
2815,0,46
3582,1,1
749,2,7
13,3,46
1396,4,19
3345,4,19
1079,4,39
2579,4,41
1237,4,44
3828,4,49
3183,5,32
3480,6,0
1963,6,36
4055,7,33
904,7,46
3961,0,12
4318,0,23
2069,0,26
4203,0,41
3548,0,43
2057,1,40
307,1,41
2044,1,43
593,2,12
3004,2,38
177,2,40
4214,3,28
3117,3,32
71,3,32
4995,4,8
1712,4,19
1150,4,41
2150,5,13
3042,6,30
3682,6,33
3672,6,36
4051,7,1
4206,7,29
331,0,35
1829,0,37
4241,0,43
4421,0,50
2628,1,31
266,1,41
1182,2,8
3300,2,9
909,2,9
117,2,9
3394,2,38
3346,2,40
4620,4,13
2394,4,27
3775,4,28
4814,4,29
4950,5,3
2565,5,34
3122,6,11
3706,6,41
2889,0,23
3789,0,46
4275,1,19
2007,1,22
1693,2,4
2388,2,4
3431,2,28
1731,2,52
1025,4,21
4165,4,25
4691,4,25
4660,5,19
1274,5,34
1898,5,52
4835,6,7
3957,6,33
3114,6,40
257,0,30
2047,0,30
4677,0,35
3304,0,50
2352,0,52
564,1,51
4557,2,5
3039,2,13
4333,2,14
3691,2,17
3246,2,22
3078,3,11
3810,3,25
3398,3,41
3061,4,8
329,4,19
3919,4,19
261,4,36
2240,5,33
502,6,24
2745,7,33
1044,7,42
2309,0,43
2530,1,22
3054,1,26
3838,1,47
4925,1,47
4625,2,10
3144,2,19
2023,2,36
3583,2,40
704,3,32
233,4,25
1320,4,28
3842,5,21
519,5,31
4309,5,42
2751,6,38
3463,7,34
2703,0,24
1727,0,29
3435,1,37
299,1,49
2444,2,23
3402,2,31
2732,2,48
4245,3,32
3313,4,8
1376,5,31
210,6,38
1336,6,48
644,0,23
1707,1,37
4859,2,9
2951,2,10
2913,2,24
1363,2,38
3521,2,50
3077,3,45
2906,3,48
3434,4,8
479,4,19
4260,4,25
4128,4,52
4667,6,19
231,6,45
2114,6,48
1854,6,49
3793,7,32
3338,0,19
795,1,25
752,2,27
4115,2,28
1676,2,34
1154,2,56
3878,3,26
23,4,8
2419,4,8
2220,4,35
3383,5,19
647,5,32
1894,5,38
2536,6,32
2972,6,48
2093,7,16
3429,7,27
4539,7,36
1356,0,24
1644,0,41
1447,0,55
3056,0,57
4590,1,35
4448,1,36
1073,1,37
954,1,48
3138,2,18
2100,2,24
4612,2,26
3673,2,45
3465,2,57
689,4,31
3470,4,33
69,4,35
3318,5,47
3832,6,27
3536,6,44
1208,6,49
3293,6,49
957,7,16
4312,7,34
3127,0,16
3728,0,22
4359,0,24
3645,1,37
2166,1,41
195,1,43
3923,2,12
35,2,23
4847,2,30
3382,2,32
2262,2,38
3032,3,16
1917,3,24
4532,3,31
1680,3,46
1996,3,46
1002,3,46
1213,4,10
1512,4,27
4858,4,38
1525,4,43
2459,5,13
270,6,15
1027,6,24
1562,6,48
2502,6,48
3133,6,49
1016,6,49
3007,0,28
1782,1,17
3045,1,48
3474,2,28
839,2,38
3735,3,12
3282,3,26
235,3,30
1790,4,18
2450,4,18
2277,6,23
280,7,26
2571,7,27
823,0,16
1190,0,22
3689,2,17
3740,2,19
2501,2,23
663,2,40
3024,2,47
2130,3,31
1473,3,37
522,3,38
2821,4,36
2472,4,41
2829,5,53
978,5,54
1066,6,32
3555,6,49
3210,6,59
4540,7,22
1930,7,46
4529,0,19
716,0,21
863,0,48
673,0,49
2517,1,36
1370,2,17
3325,4,33
1114,4,40
3197,4,48
2123,4,50
78,5,31
4690,6,41
220,6,48
3722,6,62
2146,7,40
4841,0,30
3491,0,34
3115,0,54
4213,1,18
3531,1,22
3401,1,28
3471,1,56
1326,3,20
2438,4,55
1535,4,59
2471,6,43
3940,6,59
291,7,43
4778,0,19
4412,0,29
2514,0,45
4011,1,24
1001,1,28
3167,1,44
4317,1,61
3130,2,20
3697,2,38
4604,2,51
4381,3,32
292,4,49
787,5,42
3365,5,47
1049,5,63
3063,0,21
1330,1,31
655,1,40
1803,1,41
2647,1,49
982,2,17
1203,2,23
1372,3,20
4528,4,18
1660,4,29
1993,4,50
281,4,54
1416,5,31
3513,5,31
4664,6,49
3639,7,41
1099,7,58
966,2,25
1549,2,38
2213,2,54
2509,3,47
3255,3,48
2728,4,19
4114,4,63
3717,5,30
798,5,33
2615,6,27
1864,6,47
556,7,26
1409,7,44
1417,0,45
3036,1,22
4112,1,45
199,2,21
4190,3,62
786,4,21
2535,4,28
3087,4,29
3236,5,33
2872,5,36
168,6,60
1501,7,48
4928,7,51
3269,0,43
534,0,50
651,0,50
3194,0,54
54,0,64
4644,1,36
702,1,37
3616,1,51
2380,2,23
1408,2,42
2102,2,48
1306,2,60
2097,3,62
4065,4,30
413,4,35
4531,6,48
4888,0,28
1235,0,32
1922,1,43
2049,1,52
1166,1,65
3079,2,21
4593,4,42
4573,4,48
3898,4,52
2022,4,66
2939,6,45
4479,7,44
791,7,50
617,0,45
2101,0,48
558,0,50
4366,1,37
4546,1,49
3464,1,54
1619,2,44
2499,2,62
3461,3,46
4416,4,33
2185,4,48
3256,4,48
566,4,50
2430,4,66
633,4,70
1223,5,31
4867,6,24
3797,6,27
3870,6,31
4299,6,38
170,6,49
2187,6,60
2488,7,34
3944,7,34
4770,0,30
3712,0,46
1478,0,70
1391,1,22
874,1,40
4684,1,59
4305,2,40
3574,3,69
1054,4,28
1497,4,71
1658,5,42
759,6,48
3416,6,60
3511,7,42
2507,7,46
4560,7,54
3196,0,52
1245,1,25
2630,1,26
2333,1,32
2370,1,32
1844,1,41
3064,1,47
11,1,64
4084,2,53
289,2,69
1780,4,29
4954,4,35
1530,4,36
2516,4,50
1897,5,28
3268,5,58
2593,5,68
979,5,68
1005,6,27
1423,6,45
1254,7,26
3835,7,45
1684,1,60
3914,2,41
1067,2,42
1441,2,44
3286,2,46
2622,3,36
820,3,51
2794,4,24
2778,4,33
3443,4,67
3022,4,72
3408,5,67
3862,7,27
2180,7,51
3605,7,58
2298,7,72
144,0,26
3629,0,26
4854,0,37
4654,1,35
3026,1,60
2713,1,63
565,1,65
3240,2,32
853,2,42
1995,2,47
1400,2,53
3912,2,58
2152,4,46
1637,4,57
3974,5,26
342,5,35
2382,6,32
4139,6,51
1503,0,30
780,0,30
1953,0,43
3958,1,44
581,1,70
4487,1,73
4670,2,38
4674,2,58
2592,3,32
994,3,57
3696,4,34
2098,4,46
4874,4,60
4715,4,60
1913,5,33
4427,6,36
2851,6,48
3329,6,48
4766,6,49
3251,7,45
3692,7,74
4645,0,42
1155,0,63
3892,1,46
3723,1,75
1165,2,28
3876,2,49
2241,2,63
1631,2,67
3990,3,30
2222,3,50
1779,3,76
1792,4,28
2019,4,47
31,6,39
3844,6,48
3482,6,53
2340,6,66
1449,7,71
1313,0,69
4207,0,69
3647,1,59
1861,2,32
4091,2,42
3450,3,68
2279,4,42
2318,4,51
1810,4,57
3738,4,66
2421,5,47
1599,5,55
4565,6,50
2236,6,56
19,7,40
1766,7,68
4382,7,77
4274,0,30
1214,0,30
2448,0,44
175,0,48
2070,0,76
2080,1,37
4800,1,41
3010,1,49
264,2,34
1626,2,38
1019,2,71
4832,3,60
2682,4,41
3859,4,42
3523,5,46
1227,6,33
3576,6,46
4182,6,50
2088,7,38
1288,7,45
3598,7,51
1519,0,36
4919,0,41
2405,0,42
461,1,40
1265,1,73
2259,2,46
3993,2,77
2537,4,32
428,4,43
724,4,53
3327,4,70
3014,4,74
4857,5,73
3947,6,35
1546,6,39
3253,7,37
4574,7,40
3009,7,66
386,0,43
3943,1,47
1239,1,49
4161,2,44
360,2,52
2520,2,54
4917,3,34
1490,3,46
2626,3,48
3988,3,50
4535,5,36
2847,5,55
2879,0,35
835,0,37
2375,0,41
1874,0,50
100,0,63
4181,2,36
2861,2,38
4827,2,55
1174,2,73
1159,4,41
423,4,44
3927,4,45
4507,4,46
216,4,48
4791,5,46
1574,6,51
2925,6,71
2773,7,80
703,0,59
2789,1,45
3904,1,47
282,2,40
2612,2,42
2990,2,47
91,3,40
3455,3,55
3110,4,53
666,6,35
1808,6,46
1348,7,39
3131,0,50
2528,1,35
1136,1,38
1679,1,39
2743,2,45
4759,4,35
3649,4,41
1425,5,53
4348,6,34
4228,6,38
3349,6,63
2787,6,72
2691,7,45
726,7,49
2361,1,37
713,4,43
1224,4,49
1263,4,83
3248,6,43
4335,0,39
4634,0,42
2989,0,79
4289,0,81
4647,1,53
2155,2,40
4714,3,50
1907,3,79
4057,4,42
2763,4,73
1915,4,73
4380,4,78
3879,4,85
3360,6,37
1688,7,45
1672,7,45
4047,0,51
3941,0,53
2865,1,40
4001,1,55
172,3,65
4446,4,50
4869,5,37
3348,6,46
1961,6,47
2249,6,50
1793,7,59
1946,0,47
416,0,78
14,1,48
3377,2,40
512,4,75
3218,6,41
2234,7,46
4202,7,48
3049,7,57
2911,0,65
204,1,53
4471,2,60
4166,3,41
4388,4,49
1222,4,58
1873,4,59
2504,7,40
2403,7,51
4545,7,78
1858,0,44
2294,1,41
2673,4,64
2560,5,62
883,5,75
2118,6,82
3158,7,78
1172,0,41
3525,0,42
4096,0,47
2921,1,64
265,1,66
3458,2,69
4422,5,73
219,6,80
116,1,89
4238,3,49
742,4,54
4793,4,63
4818,4,70
2077,6,73
2195,7,61
857,7,74
3074,0,45
1559,1,55
3391,2,49
3404,2,59
3721,4,63
1955,5,74
2564,6,49
3734,6,49
1135,7,66
4149,0,50
2548,2,66
2812,4,71
466,4,84
350,6,57
2126,6,68
2876,7,46
499,7,93
4328,0,75
2398,0,79
831,0,86
348,1,75
4688,2,55
1926,2,69
4568,4,71
1145,5,79
627,6,64
668,0,59
4638,0,86
945,1,71
1337,1,86
146,2,47
3035,3,67
1344,4,46
277,4,78
385,4,92
4481,5,66
1111,6,71
2317,7,68
3619,2,57
3100,3,60
218,5,47
965,5,84
943,0,82
1572,1,59
4307,1,75
2840,2,52
504,3,54
3568,4,64
2254,4,75
4562,4,86
2749,4,94
2918,5,65
3780,6,53
624,7,49
4441,7,84
2366,5,82
1673,6,52
766,6,77
4941,0,53
489,1,95
918,2,80
1702,2,82
1424,2,84
3252,3,67
84,4,71
1477,4,86
3150,5,91
1612,6,91
1498,7,50
3085,7,51
3299,7,51
2672,0,61
3182,0,72
779,2,67
865,3,92
4738,4,76
1569,4,76
1185,4,86
1551,5,78
1914,7,74
919,1,93
1269,2,58
4219,2,96
4737,3,57
2138,4,80
4144,4,82
542,6,63
1701,7,78
2762,7,90
3048,0,79
4777,0,91
2290,2,53
3067,2,74
2567,2,75
317,4,62
2145,4,82
2850,6,62
2981,6,76
3224,7,62
3015,7,96
3853,0,78
3684,3,72
4794,4,82
3136,4,98
722,6,57
290,6,58
1210,6,84
4419,7,82
4078,7,89
2467,7,102
4837,0,82
4650,2,61
1494,2,65
1902,2,102
3786,4,92
2408,4,95
1692,4,102
550,5,101
3596,6,84
4970,6,88
3086,7,76
2903,0,72
1148,1,76
4780,1,80
4668,4,57
3175,4,93
1014,5,62
3340,5,73
448,6,96
4805,7,89
524,0,59
4044,1,102
2137,1,106
2387,5,73
1431,6,78
68,7,73
3559,0,60
845,0,96
789,2,59
1890,2,77
1171,3,60
970,4,68
530,4,77
4178,4,88
4580,5,65
1550,7,87
4180,0,105
1920,1,78
4790,2,78
4552,2,101
2999,2,103
3748,0,69
517,0,91
1132,1,70
3572,1,76
4437,2,105
2436,3,97
1233,4,69
4705,4,89
2209,4,89
4933,5,93
402,6,98
4379,7,72
2328,0,66
2667,0,77
2087,0,79
36,1,73
4343,1,77
1422,1,91
2219,2,75
4033,7,105
4177,7,106
1650,0,69
4551,0,73
1769,0,88
1925,0,100
2221,1,81
3375,2,62
4949,4,103
3400,4,106
574,7,63
4026,0,63
1555,1,66
4775,1,72
3667,1,73
25,2,71
886,4,80
3350,4,80
3848,5,99
3563,6,86
1845,6,92
2310,7,100
2119,7,104
214,1,69
1355,1,91
1038,1,100
3378,3,81
3937,3,110
768,6,75
3646,6,95
3711,7,94
4696,0,71
2950,0,111
3075,1,68
2009,1,79
4236,1,107
744,1,113
2384,2,73
2025,2,74
4661,2,79
1193,2,89
1867,2,109
4685,3,77
568,3,104
3177,4,98
443,4,106
366,7,112
3553,1,70
2910,5,81
1768,5,96
3651,2,75
1689,2,78
4189,4,78
4283,4,110
4261,6,67
468,0,103
1063,0,113
4019,1,83
3120,1,115
2026,2,100
1818,2,105
2988,4,68
1419,4,74
4653,5,80
2527,6,69
4393,6,104
4781,7,114
2670,1,72
3995,2,98
3680,3,78
1820,4,105
2483,5,105
1533,6,72
1758,6,103
2714,7,88
1037,0,108
1908,1,76
1929,2,76
1207,2,83
4671,2,111
3897,2,115
4486,4,104
1510,6,113
3782,1,71
2648,3,74
578,3,76
2446,4,74
4986,4,102
2611,6,71
208,6,93
4476,6,94
3953,7,103
4853,7,104
455,1,84
591,2,83
1426,6,77
2878,7,111
4567,4,76
1610,4,101
1091,4,112
2168,5,95
4436,7,94
4741,7,110
3284,0,95
4475,1,113
4799,2,88
3994,3,115
4682,4,79
1463,0,82
1368,0,95
4242,0,96
1720,2,105
2766,4,86
3996,4,110
1216,4,115
2769,5,107
1358,6,75
1209,7,113
238,0,112
932,1,80
370,1,98
557,1,115
4807,2,81
2625,3,81
3335,3,86
2497,4,94
3733,4,108
678,6,100
3846,6,102
4111,7,80
4094,1,126
3754,4,121
120,5,90
3165,6,78
906,6,79
180,1,85
1539,1,121
4773,2,94
3362,5,110
432,6,125
4629,7,79
2793,7,103
685,3,100
1319,3,114
3386,6,110
3856,0,106
3050,1,87
1670,1,107
2533,5,106
4938,6,126
1137,0,84
262,0,86
4663,0,89
118,0,125
2106,2,81
3552,2,82
3206,2,128
4313,6,82
2095,6,83
4175,6,87
2573,1,96
3742,1,116
3687,2,95
421,2,120
431,4,126
619,6,118
2447,0,107
4957,1,98
1339,1,126
122,2,109
2915,2,115
495,4,85
3137,4,101
3176,4,123
27,7,86
3187,7,121
3305,0,111
2550,0,112
1327,0,115
4253,2,93
794,3,86
1849,3,129
2919,1,111
572,1,127
1353,2,117
2054,2,132
3950,4,87
3816,4,98
1513,4,120
4503,5,118
2852,0,101
2225,0,103
4002,1,115
4940,1,124
4466,2,91
4964,2,97
4122,3,101
3351,4,96
3610,4,123
559,5,98
2314,5,113
2790,6,90
1283,6,114
171,6,117
4400,6,131
1470,0,87
2288,0,101
3484,1,113
1586,4,100
829,6,104
2301,0,95
721,1,110
3905,1,128
4449,2,120
4510,4,100
601,5,100
3261,5,119
2819,7,88
3611,0,93
2880,0,112
4997,6,106
28,6,119
1043,6,121
510,6,137
4467,7,98
3428,1,92
1602,1,111
3823,1,138
1855,2,124
2159,4,90
1385,5,97
1124,5,116
4032,7,92
4075,7,101
4856,7,118
4764,0,139
4050,2,122
1846,2,132
2206,4,96
4862,4,104
2112,6,139
3622,0,109
50,0,125
2337,0,126
2697,0,137
1853,2,109
3473,2,112
3262,2,120
62,3,96
167,3,119
712,6,99
4852,6,104
160,6,129
2141,7,113
4984,1,120
4303,1,135
1733,2,103
1032,2,108
2327,2,115
3413,2,133
4310,2,138
485,4,141
1669,7,104
2006,0,131
3818,2,100
1635,4,113
3499,4,117
849,4,121
690,6,136
4851,7,111
474,2,136
1532,3,136
1187,5,127
4496,5,138
39,6,127
1954,0,118
2218,0,131
1802,1,111
4430,2,102
3201,2,143
1430,4,101
989,4,110
1459,6,119
1971,7,115
921,1,114
373,2,118
2808,4,105
3393,4,133
3169,6,120
2321,6,139
3043,0,110
1121,1,126
4013,2,136
636,3,102
1788,3,121
3425,3,142
3519,4,115
1881,5,136
3956,5,145
4907,3,114
236,4,105
1119,0,133
87,0,142
4160,1,128
4424,1,130
4110,2,143
2853,3,115
2015,3,148
697,4,127
1116,4,135
86,0,142
3924,0,146
4472,1,106
196,4,133
3585,5,108
1123,5,123
3289,6,105
2671,6,130
1500,6,136
3930,7,122
1785,0,134
483,1,109
1069,1,130
1609,4,108
1840,4,112
3869,5,152
4468,0,108
4966,2,133
179,2,140
222,3,151
4456,4,132
1699,4,144
4959,6,105
1900,6,141
2716,7,140
2046,1,140
3928,0,111
3916,0,125
1439,0,131
1927,3,129
4707,4,136
2038,7,108
2281,2,115
1718,4,143
4757,6,131
4718,6,132
2801,1,140
528,3,124
4901,3,126
4505,4,117
1481,2,110
2895,1,114
3418,1,151
4087,3,148
4884,6,126
4558,6,142
3157,7,125
4829,0,131
1548,1,119
873,1,153
3921,2,141
356,2,145
2545,4,123
4923,6,113
725,6,142
4939,7,123
2373,0,153
3618,2,131
2578,5,125
1868,5,128
1763,5,136
1248,5,138
1613,6,157
4154,6,161
1725,0,120
3205,1,115
2186,1,138
2452,4,125
83,6,114
3353,0,124
4140,0,142
3057,1,118
53,1,161
1109,2,115
3444,2,143
4885,3,158
4692,4,118
2807,4,153
2982,4,161
4502,6,121
1451,7,133
4962,0,118
3121,0,134
4840,2,142
3089,4,136
1379,0,146
4027,1,136
40,1,143
338,2,148
2708,3,142
2,4,119
1371,4,141
376,4,150
1030,4,153
4417,1,137
4700,2,118
1747,2,119
741,2,143
2666,4,158
4308,0,164
334,2,146
4809,4,125
3705,6,122
1743,7,121
2555,7,126
3894,0,138
3179,1,135
275,2,134
418,3,158
773,4,135
4589,6,145
4655,6,152
1885,7,128
2765,0,137
1762,1,133
2623,1,164
3534,2,126
2772,2,141
3800,2,143
997,5,130
1232,5,140
687,6,136
1958,6,146
4687,0,144
1042,0,156
893,0,164
1280,3,160
4222,4,164
1553,6,128
3071,7,133
969,7,146
409,7,168
3865,1,161
4712,2,161
2624,4,126
239,4,135
3901,7,144
3139,2,125
1086,4,125
4004,4,147
2702,4,157
3352,6,136
3266,6,139
4733,6,147
3973,7,123
3023,7,140
1397,7,156
3371,0,156
2809,1,148
4553,3,126
929,4,140
1831,6,157
1496,0,168
719,1,132
2326,4,168
4231,1,151
1457,1,174
3263,3,134
3466,3,166
981,4,166
4463,4,173
602,6,169
3164,0,136
2842,1,136
2585,1,147
426,3,151
2724,6,142
2954,0,166
811,2,131
618,2,144
2201,5,152
2428,6,144
2034,6,173
735,7,152
4451,0,136
3200,1,172
304,2,135
4414,2,142
4522,3,169
2278,4,175
1472,6,164
56,7,160
1646,1,133
3967,2,146
3732,2,151
1445,0,162
3540,0,178
130,1,166
3932,6,152
4967,1,143
2569,1,155
2494,2,164
2182,2,181
1697,3,177
411,4,137
1412,4,146
2129,4,172
2606,5,153
2306,7,138
2040,7,143
4124,0,170
2392,1,160
3925,1,164
2541,1,177
1799,2,167
4744,4,173
1772,5,162
1671,6,154
2739,0,142
3339,4,144
1205,5,162
2618,6,160
856,7,142
2270,0,179
3092,2,162
2752,3,145
2484,6,154
4438,7,139
3421,0,141
1575,0,187
3415,2,188
2632,4,147
4803,4,166
1082,5,162
1020,0,154
4280,0,171
3679,1,146
972,1,166
3907,1,170
4358,3,154
60,5,140
3833,7,180
363,0,186
4897,1,169
930,2,170
15,2,182
3843,3,156
4045,4,151
2283,6,173
3397,0,171
4410,0,184
1728,0,191
4183,1,160
5,4,148
523,4,156
2081,5,145
3174,6,147
4623,6,169
521,6,186
4872,7,171
4787,0,148
1467,1,191
3490,4,146
3149,4,154
380,0,152
4648,1,178
1616,2,166
1847,4,191
344,5,149
16,6,170
4069,1,153
4504,2,173
2572,3,148
2727,4,164
4845,6,192
3221,7,161
4713,0,151
4902,2,186
4631,5,162
1974,5,170
44,6,160
4506,0,171
1740,0,188
1406,1,167
3355,4,152
3509,4,193
4903,6,163
3155,6,175
3109,0,156
2931,0,190
481,1,163
4130,1,184
3018,1,185
3946,2,172
1756,4,154
2477,4,185
3881,4,194
1593,7,171
301,0,152
2784,0,165
1686,0,169
3986,1,194
2932,2,161
4327,6,170
608,0,165
2844,2,154
868,2,198
1197,4,177
1700,4,198
2810,6,168
3791,0,161
2529,0,192
1713,1,158
3163,2,154
4145,6,192
2907,7,173
4953,1,181
4100,1,198
2420,2,200
2817,4,165
4315,6,191
575,6,199
4543,7,171
4563,7,173
4454,7,198
2302,2,165
2397,2,167
1255,3,190
274,6,195
3855,2,157
4296,2,169
4945,2,179
3527,4,166
3374,4,198
1012,6,178
1938,7,172
4866,1,202
4731,4,176
1110,6,187
1149,7,164
3625,0,198
4276,2,159
2260,2,167
4850,3,164
4023,4,164
2598,4,177
3896,5,189
449,6,161
4825,0,194
3741,1,186
2474,2,170
676,2,194
963,2,202
1636,2,204
4284,4,167
2975,3,175
4666,4,172
2463,5,187
4086,7,168
3886,1,178
90,0,174
2229,1,202
894,3,171
3027,4,166
3778,5,194
2824,6,162
4064,6,192
1991,7,182
4368,7,190
1499,0,200
1276,1,186
2266,1,195
670,1,197
4864,4,198
2997,5,170
4525,7,195
2699,1,170
1152,2,168
3228,2,191
680,7,173
816,1,205
2319,1,209
1591,1,210
1034,4,189
4812,6,177
1721,6,180
1125,6,200
241,2,189
4873,4,182
1328,6,197
4104,6,201
4239,4,173
4704,0,211
1390,1,177
3603,3,182
252,3,203
4229,3,210
2741,2,203
224,4,202
1160,5,186
417,1,198
2252,6,171
1942,7,185
2157,3,178
2243,3,216
869,4,185
3968,4,195
4159,7,187
4981,7,202
2423,7,210
2556,0,181
1359,2,185
506,4,186
2607,5,185
1045,0,210
4072,3,219
1483,4,171
3433,6,202
1479,6,203
3632,7,219
2967,0,184
4365,4,200
97,0,199
259,0,207
720,1,192
2343,1,199
1596,5,190
4162,6,182
944,6,221
47,2,183
2616,2,220
1568,3,191
2139,4,197
3287,6,180
4423,0,199
888,4,221
64,2,206
4530,3,195
4254,5,210
4344,6,210
870,1,207
2461,2,224
1952,3,224
2061,4,189
1824,7,188
4641,0,193
1202,1,183
2053,1,185
3762,1,211
3714,2,195
3984,2,200
1823,4,192
484,4,219
3693,5,217
4256,6,197
4782,6,226
4079,1,216
4325,2,179
1310,2,185
1480,2,212
2271,4,213
3703,6,184
2427,2,206
897,2,224
1373,2,227
1751,5,192
1677,0,196
3000,0,197
828,0,222
3752,1,186
4056,2,207
2431,4,192
2284,4,205
2434,0,189
3254,1,229
1704,3,185
4765,3,188
4632,6,196
21,7,201
4695,0,190
3760,0,197
4257,2,191
49,2,207
1528,2,229
637,4,215
4514,4,222
4572,6,223
2740,7,192
1122,3,216
1944,4,214
460,6,221
3094,0,189
3755,0,192
1777,0,198
1580,1,213
4795,2,196
3935,2,203
900,2,228
3106,4,187
803,4,200
2831,4,207
316,4,211
1943,6,194
4740,0,232
1883,2,231
1557,3,227
1013,4,232
1226,4,235
2349,6,202
4961,7,210
3985,1,190
1317,1,193
4639,2,207
577,0,221
2963,0,232
2898,1,190
2122,4,217
325,6,218
3123,1,228
4433,2,234
3613,4,228
57,4,234
341,0,201
1979,1,198
2492,1,232
1036,2,234
2600,2,236
182,2,240
1153,4,197
2374,4,224
2491,4,237
4831,4,240
1992,5,196
999,4,240
2609,5,226
74,6,229
1401,7,219
4895,3,226
4137,6,228
4329,7,202
913,0,236
3271,1,218
4109,1,238
375,5,242
137,2,236
1242,3,237
3718,4,206
983,4,236
4624,4,241
3636,5,228
1791,1,228
3001,2,199
234,2,204
388,4,225
3720,6,205
1290,6,235
2959,7,202
3976,1,211
4816,1,212
4935,1,213
665,4,237
1377,6,213
691,7,218
3485,0,236
4606,2,212
961,4,246
1745,6,210
242,7,234
3230,0,234
3002,1,211
3801,2,228
1541,4,232
2707,6,214
4017,6,233
2733,7,212
2531,0,201
3726,0,234
2073,0,236
928,1,223
662,2,236
848,2,245
4883,4,204
3019,4,204
3295,5,220
925,6,206
2927,6,249
2193,7,205
2358,0,220
1071,0,232
4220,2,204
2169,3,233
80,6,214
372,6,228
4968,0,206
1767,2,217
4977,3,216
3502,1,238
1623,1,239
1691,7,219
1380,7,246
2512,3,219
3628,4,220
1603,5,206
3298,6,236
1442,7,227
4877,0,216
1852,1,246
4501,2,249
1848,3,206
4602,5,208
248,7,242
240,0,244
3730,1,247
4311,3,245
2602,4,208
3148,1,213
917,5,211
821,7,208
590,2,229
1628,2,241
332,4,210
2411,4,247
4432,6,255
2640,7,211
4588,2,226
96,4,248
4842,6,259
2362,0,252
2441,5,245
604,6,213
2409,6,213
4806,7,221
2543,7,254
2385,0,223
3899,1,244
2698,4,249
2011,2,214
4431,2,259
3806,5,231
1980,7,243
2503,7,261
3091,0,256
4896,1,233
1454,3,221
1050,4,227
3768,6,243
563,2,253
4450,4,236
1821,6,224
2719,2,246
1984,2,250
1633,4,257
664,5,223
974,0,249
3591,1,223
3489,1,264
3655,2,231
643,6,246
4972,0,225
2693,1,236
2553,1,254
1860,2,266
2165,6,252
2757,7,248
2892,0,239
2882,4,266
300,5,266
3737,7,251
125,0,223
2091,0,264
200,1,228
72,1,240
2783,2,237
3920,2,241
4255,2,250
186,6,239
3237,6,247
4404,6,261
2217,4,228
4285,4,241
1542,6,242
4720,2,238
4007,2,241
399,4,250
1128,6,251
4978,0,237
3483,0,239
4068,2,234
1617,2,263
4136,4,229
3926,6,252
1120,7,268
1590,0,250
2692,2,230
1206,3,252
2426,4,236
1832,4,241
2192,4,264
2976,7,249
3366,3,253
2109,4,265
3331,6,234
1198,0,252
4133,0,268
739,2,232
2092,3,233
213,5,241
1659,7,247
714,1,244
1640,2,246
1988,6,251
3308,0,273
3111,1,241
2334,2,268
4297,5,244
1608,0,261
2957,1,249
1055,3,235
3279,4,239
1505,0,248
1970,2,263
4788,6,275
4024,0,233
2008,0,250
4855,4,234
2594,4,242
1615,4,255
395,0,253
3207,3,274
4031,4,245
2508,4,282
2738,7,263
4747,3,277
3688,4,259
1384,7,237
3690,0,269
3280,2,260
22,4,272
2599,5,263
805,7,269
1742,1,257
1169,3,264
546,4,273
2549,5,255
2748,3,257
4252,4,262
4784,6,237
4709,6,265
4076,6,278
977,1,268
4188,2,273
1287,4,245
3060,4,269
1948,4,285
3505,7,263
2686,3,255
3068,1,247
1273,2,279
2986,3,256
1357,4,241
1156,0,285
4349,2,266
4926,5,261
988,6,261
548,6,264
3226,0,267
748,1,290
4464,3,280
2928,4,259
3487,4,282
3328,1,250
708,1,267
1666,2,291
1681,6,248
3259,7,254
1556,0,250
3257,1,256
1230,1,293
4402,2,274
2303,5,256
3454,6,249
3516,0,279
1437,1,247
3423,1,258
2759,2,252
629,2,256
4376,2,270
614,2,270
349,2,272
1588,4,245
3653,5,285
3564,0,273
3097,0,291
99,3,275
2142,6,273
586,6,287
4651,7,259
2559,0,292
357,2,267
102,2,285
3235,6,267
818,6,270
2377,0,296
2987,1,254
4534,4,282
3432,7,256
1828,2,265
447,3,296
1211,6,296
4354,7,261
1438,4,280
1607,6,270
567,7,274
2896,4,271
232,4,283
4029,7,255
3807,0,257
1597,0,294
2381,1,286
2247,4,260
2746,7,285
4375,0,277
3467,0,280
949,1,294
2938,4,287
2717,6,260
1009,7,283
4993,7,302
1962,1,295
3307,4,274
1814,1,262
2643,1,270
2848,4,274
2917,4,302
1585,5,258
2758,5,277
4880,6,293
1065,0,262
2652,2,273
2875,2,297
4459,4,305
551,5,279
206,6,296
876,1,270
2991,4,271
3759,7,277
3052,1,278
2085,2,259
1378,2,288
2657,5,307
4762,6,307
1649,6,287
1843,1,279
1440,4,288
1318,6,271
3936,6,272
1183,1,294
2750,5,294
733,6,306
3145,7,304
4408,5,269
3297,7,273
1367,4,288
4672,4,303
194,6,311
1175,0,277
3661,2,277
1969,2,278
650,4,308
2458,1,267
3468,2,307
3658,3,287
3549,3,292
2274,5,291
1011,6,270
456,4,274
2178,4,283
3369,4,304
3817,0,281
3373,0,283
1134,1,292
4822,1,309
1863,2,295
4474,4,288
3460,4,290
4080,7,288
4679,7,304
2175,1,293
2027,1,304
1511,4,295
2226,4,315
2521,0,270
2304,2,270
3172,3,289
4974,3,284
4724,4,317
371,2,290
1192,2,295
2162,6,291
3277,0,320
4273,1,318
3587,1,319
112,0,274
2104,0,323
3288,3,286
3044,6,291
3795,0,296
2539,0,298
2946,0,315
3528,2,293
1296,2,294
3526,2,309
2485,4,311
4756,0,297
3250,3,316
2631,6,311
2200,7,284
2619,7,296
4248,7,303
2608,3,321
3971,4,298
308,4,321
3644,6,281
2246,0,303
784,2,295
3113,2,295
3675,4,292
2904,4,292
3062,6,287
3380,0,324
4911,2,281
2676,5,286
1133,0,282
4910,0,329
3033,1,280
2176,1,288
6,1,319
976,3,283
2646,3,324
4912,4,284
4453,0,282
1394,0,318
2943,1,330
2992,6,294
1098,1,330
762,3,327
3436,0,330
2894,4,286
3612,4,328
4119,6,328
1260,7,301
3543,1,312
4066,3,320
1711,6,299
2629,6,327
4915,0,325
1578,0,331
3677,2,307
452,2,329
1458,4,306
298,6,304
623,0,335
4363,1,295
4992,1,308
1826,4,319
101,6,297
815,1,303
221,2,318
3860,4,318
3792,7,326
3041,1,306
4611,2,295
1476,7,293
1687,0,307
3517,1,306
4403,3,299
4357,4,302
2103,4,317
4264,7,298
4843,7,312
3006,0,295
2030,0,336
4148,2,320
696,4,327
3815,5,295
1573,6,312
3903,7,318
2464,2,340
2635,4,333
1923,6,310
4352,6,326
958,1,305
1567,3,334
3414,0,328
771,2,315
4905,4,306
3630,4,314
1935,4,327
364,6,301
907,0,304
4120,1,330
3566,2,299
1507,2,325
4235,6,334
1395,0,335
165,2,322
2371,4,340
2971,6,322
889,7,313
3330,7,318
4520,0,330
772,0,339
2869,1,323
38,2,328
4920,2,316
263,4,307
4985,5,316
4785,1,331
533,7,339
2515,1,337
4127,1,339
2237,2,322
2811,5,309
3686,6,336
1576,0,345
1516,5,313
442,5,349
438,0,304
3243,0,333
509,1,311
1225,1,316
1085,2,346
4697,3,339
1815,5,306
2164,6,316
1343,6,347
339,2,309
3193,2,348
436,3,332
2113,5,312
3983,6,309
1594,2,355
3664,3,330
4921,5,352
4478,7,308
3317,0,318
4555,0,325
1921,0,331
539,2,349
3998,0,340
2705,4,345
4455,5,340
4725,0,325
1654,4,328
3581,5,355
887,6,346
2460,7,326
2365,1,336
1097,2,325
3934,4,317
692,4,333
2016,6,324
3126,6,331
2033,1,348
878,2,325
3012,3,344
822,4,339
1523,6,314
3332,0,348
1587,0,357
3707,1,318
4135,2,315
4658,2,357
4913,6,360
1734,1,360
1200,1,361
478,2,356
2121,4,318
4798,4,319
2953,7,333
2786,4,314
4686,6,343
119,0,357
1643,1,354
3440,2,346
3908,3,316
3562,4,325
819,7,347
323,2,345
4987,4,349
4052,7,339
3765,1,323
1448,6,345
2275,1,332
3188,2,363
315,4,336
4420,4,361
4706,5,353
4143,0,324
1703,4,345
2994,5,329
4515,7,350
3776,1,346
4541,1,354
4761,2,362
2820,3,330
3753,4,364
4469,6,359
4445,7,326
215,0,359
4944,1,363
760,2,337
1951,0,326
2336,0,362
1460,1,363
4367,3,365
3498,4,345
4998,4,360
2042,6,352
740,1,334
2827,1,365
3108,2,328
942,2,352
3459,3,361
2014,6,355
2493,6,360
3710,7,365
2736,0,354
3952,0,358
3701,1,362
4443,3,326
1581,6,343
1179,6,370
1726,7,337
3359,1,352
1029,6,334
3978,0,347
1652,4,337
1311,4,343
2486,6,333
4394,6,362
3410,0,375
2487,1,371
174,4,339
1910,1,336
3888,1,350
4224,2,335
79,2,338
3561,3,356
2149,6,335
4640,6,367
2116,6,377
553,7,347
4370,2,374
609,4,360
4272,4,368
2883,2,361
154,2,362
429,4,363
1464,7,363
935,3,354
2947,5,356
4330,6,374
1775,0,346
1331,6,361
467,1,344
3900,1,374
2596,2,368
2688,2,379
1645,7,341
3565,0,354
769,4,335
1795,7,338
1341,0,371
4637,2,342
1173,2,347
1604,2,360
3864,4,370
152,0,377
3442,6,383
45,0,348
2312,0,373
4751,3,355
4745,7,359
1786,1,376
881,4,347
3405,4,377
1805,4,381
2415,6,377
4302,1,384
537,7,366
4038,5,368
864,0,357
3088,1,375
471,4,378
3626,5,354
549,5,358
104,5,392
3863,6,379
4730,1,351
3173,1,370
4132,4,385
793,6,354
4210,7,374
185,3,388
4876,4,373
995,7,375
4908,7,381
4768,5,353
1003,0,353
843,2,384
1911,3,370
94,4,380
2190,7,388
832,4,389
1622,7,385
2383,1,378
3453,4,395
451,6,387
3501,7,370
4301,0,365
4569,4,363
2663,4,366
2171,4,393
4886,0,369
314,1,370
3515,2,354
1057,2,366
996,4,359
3683,6,354
3751,3,375
4233,3,397
2196,4,368
4362,5,369
378,6,379
1903,7,369
147,1,402
4875,2,355
916,2,402
4736,6,376
2828,2,371
1886,7,379
761,1,389
1191,3,374
2296,5,382
4473,6,373
318,1,368
276,2,365
1369,4,358
672,6,375
3854,2,402
3457,7,384
3560,7,395
4594,0,362
2712,4,377
4334,5,359
1267,7,394
1105,7,408
1887,0,375
2454,4,369
473,6,374
403,6,382
1972,7,400
2729,4,401
163,4,401
4797,6,402
4406,2,397
1161,4,373
3880,5,393
1286,6,364
1977,2,370
2412,6,407
3590,0,401
4226,1,367
1461,4,402
2885,0,397
1407,6,406
3951,7,398
2710,1,374
2589,3,373
3530,5,396
3184,6,375
727,7,399
2035,2,384
1018,0,410
4743,6,410
964,6,415
1714,1,390
1258,6,393
2675,0,393
4287,1,394
412,6,394
4891,6,416
4058,0,372
3594,1,373
2617,1,404
715,2,381
2132,4,394
3911,6,400
4452,0,378
3213,1,384
3841,2,405
2846,3,382
4578,6,418
632,7,410
4583,6,411
2134,1,393
2105,3,403
4282,6,412
1560,0,383
1282,0,387
677,0,388
1052,4,380
2292,4,400
2052,4,407
2771,4,410
4005,7,409
4617,1,379
273,2,380
2197,0,420
1147,2,426
4598,3,395
1482,4,425
2996,2,379
1304,2,386
4523,2,386
4244,4,389
4838,4,425
2955,6,419
2172,6,424
4500,1,394
2583,2,381
4616,4,411
1664,6,389
955,7,403
4881,2,386
3917,2,417
2043,6,428
4652,7,405
3794,0,386
2970,4,401
2742,0,432
1715,2,404
4937,2,404
3977,3,427
511,4,411
3095,4,428
4396,7,415
2562,4,386
1101,7,430
2214,2,407
2744,2,413
515,2,433
4618,7,390
2978,7,395
527,7,434
1392,0,388
3488,0,409
287,4,389
3852,5,403
2198,0,427
2338,4,409
3518,4,421
4703,4,398
1759,6,404
4643,0,425
2500,1,400
926,3,403
1521,4,399
4196,6,429
2937,7,408
278,7,436
2242,1,406
3681,2,421
3190,3,422
2914,6,413
2510,0,418
4608,1,440
585,3,434
55,5,393
3198,0,415
407,0,402
1189,4,425
1932,4,432
2341,4,439
3475,2,436
693,6,428
3556,0,422
184,4,428
606,6,441
891,0,414
4630,1,421
1527,3,406
2263,4,425
3569,6,403
454,6,423
1577,7,425
4125,3,416
1833,3,440
1859,5,406
3579,5,412
801,7,422
2836,7,436
1322,1,407
89,2,428
2264,2,434
2439,4,446
4010,1,419
3656,5,416
4887,1,414
2347,1,422
4085,2,428
92,3,442
3643,6,431
1493,4,414
4575,0,437
2650,6,410
3283,1,416
4878,2,408
4225,7,409
1919,2,436
2519,6,420
2792,1,451
3512,5,409
3597,2,429
4826,2,431
2368,6,418
2725,6,455
1552,0,421
540,2,449
2754,2,455
3824,5,442
3642,5,450
920,2,412
3731,4,447
1570,0,453
783,2,422
1008,2,449
3407,2,454
1170,6,440
597,0,425
592,4,412
114,4,434
621,4,435
642,6,420
2253,3,448
109,1,421
3577,2,457
4517,0,440
1219,6,457
1410,0,433
3065,0,464
2949,1,429
3657,1,441
1639,2,431
1732,5,437
2557,6,421
4336,6,439
1959,6,447
3107,6,451
1186,0,437
1878,2,459
1661,6,460
4490,7,431
3964,0,425
3695,0,461
4395,1,420
1515,2,441
4098,3,441
3192,4,461
4889,7,448
4361,2,465
3962,6,445
4899,0,442
1006,0,458
3233,1,442
4613,1,449
4168,4,444
4491,7,447
1413,2,460
3037,3,424
4943,6,461
4870,1,424
3118,5,458
4198,6,422
249,6,470
4828,0,467
134,1,426
61,4,427
2082,7,436
765,0,469
2661,2,427
1522,4,434
4439,4,474
4833,7,467
3424,0,443
1127,4,444
3222,7,474
777,7,475
729,0,465
187,1,454
4622,1,472
4576,2,458
453,0,438
1335,2,436
2838,2,467
3665,3,462
2900,4,429
1651,6,457
675,6,465
3586,0,466
2072,4,437
1292,6,465
4034,7,435
850,3,470
2706,4,438
1960,6,453
2074,7,440
1771,0,446
463,1,451
790,1,465
3445,2,466
3134,4,459
2788,6,472
770,5,448
1488,7,440
898,0,465
1936,2,445
3716,2,477
2151,3,448
3781,6,465
4340,7,454
1432,1,456
3570,4,438
1999,4,449
48,2,457
654,4,440
324,7,469
3589,1,463
4801,1,477
1504,1,486
3364,0,447
3040,1,447
3600,3,481
2174,3,485
3166,5,465
4893,0,460
3557,4,444
2524,4,476
4000,2,460
4597,4,469
4956,4,475
4107,5,472
1350,6,478
3344,3,451
4150,5,458
2998,5,490
4965,5,448
1157,1,477
1332,2,478
3238,3,467
1299,5,456
3827,6,485
150,7,448
3700,2,451
3367,2,458
3813,2,487
3578,3,447
3802,6,446
4192,0,477
4331,1,474
3128,2,496
1272,2,496
4281,4,461
3965,2,468
3119,2,497
197,3,478
1678,4,467
1087,4,491
3368,6,466
4460,7,466
3704,7,476
3323,6,464
3637,1,482
4676,2,498
2465,4,452
4099,4,482
2586,7,495
2107,7,498
1957,0,482
4489,1,467
3774,0,467
2505,1,469
2065,2,475
1606,0,478
2806,1,488
3727,2,463
1444,0,469
2498,4,475
4377,4,481
851,6,495
2489,2,460
2399,4,478
2289,3,493
1403,4,486
607,6,479
1100,2,482
313,5,493
2291,6,465
4039,3,496
4429,0,476
4627,1,501
4345,6,478
336,0,475
3533,1,488
4947,1,490
4599,4,492
4232,5,493
2785,7,487
105,6,498
2796,0,474
2551,1,482
3991,6,499
1994,7,483
3963,1,465
804,2,470
2687,4,498
383,6,508
217,7,476
1665,2,478
4392,4,486
3029,4,491
3096,5,492
2210,6,468
2495,0,502
66,1,469
4435,2,508
305,3,490
2684,4,512
4062,7,485
2269,7,512
3584,0,479
582,4,498
496,6,472
1168,6,482
4326,0,505
4779,0,518
2199,1,488
2173,2,500
2401,4,505
4373,7,481
3406,1,500
3803,2,495
1387,2,516
4216,4,479
312,5,495
745,4,487
4550,1,502
4719,2,504
3808,2,521
2656,0,503
1956,4,522
3761,5,512
3046,2,506
2323,3,507
2360,6,505
2386,0,490
538,0,497
2308,1,497
397,2,523
121,5,483
4909,2,496
661,2,520
4819,5,494
2177,6,519
3170,1,511
584,4,500
2683,6,481
3180,7,479
362,0,484
1558,1,523
3017,6,492
4351,0,501
734,2,485
4693,2,498
1916,3,495
2576,4,521
2755,5,508
1433,0,491
3273,0,511
153,6,496
2202,7,516
3685,3,490
4117,4,492
4323,4,516
3942,5,527
2718,1,521
701,2,521
4399,2,518
29,3,509
1698,3,518
824,6,516
1354,1,495
2037,4,533
3390,0,514
2590,1,504
2300,2,492
1118,2,502
3324,0,526
2934,1,514
3447,5,524
595,5,533
4240,4,517
365,6,535
785,7,498
1293,2,538
2117,7,500
4659,7,500
1750,4,497
2542,4,500
3819,6,525
3539,2,497
4626,6,528
1625,0,530
3929,4,506
1931,4,536
303,3,498
2473,4,517
4006,6,507
1648,0,510
2651,0,531
2188,0,544
223,0,546
1026,4,520
3805,7,528
4152,7,531
3847,0,526
4772,0,531
2031,1,526
1028,1,536
1398,1,539
2873,2,530
4861,4,545
3915,5,517
2001,0,547
148,1,548
1289,4,518
41,5,526
4,6,545
2311,4,507
753,5,548
683,7,518
2720,0,520
1807,1,528
953,1,511
2396,4,505
2056,6,510
2908,0,519
3648,1,510
2207,1,520
576,1,549
258,4,533
4621,6,529
3021,2,517
1162,4,542
3849,6,543
3945,3,530
3868,4,548
4262,5,549
3891,4,549
1781,6,513
1836,0,524
3799,0,549
1773,3,535
2974,3,557
2513,0,529
885,2,530
3999,7,514
227,7,518
3055,1,515
2084,2,527
941,2,526
3508,2,561
4544,4,547
2867,5,530
4932,6,514
3020,7,547
1708,4,557
2280,5,539
2958,7,563
802,2,523
2518,2,525
4243,2,538
4294,4,544
2644,7,547
2969,0,561
2232,1,554
4457,4,564
1151,7,561
3558,2,535
2890,3,535
202,4,555
326,5,563
4983,6,517
2552,7,565
470,0,546
4101,2,548
1388,4,556
310,0,555
295,0,539
1024,0,560
4384,1,555
127,2,534
4155,2,541
2153,4,559
660,5,539
3321,0,546
1007,0,568
140,2,567
4930,4,524
844,6,531
311,0,551
3617,2,527
1402,2,543
3244,4,528
2110,5,550
4628,7,540
2480,3,560
2005,4,554
340,6,527
1540,4,540
2479,4,542
427,4,530
4758,4,571
1554,0,537
1382,1,529
600,6,542
3337,0,574
3858,1,534
3544,1,537
4860,3,532
3343,6,556
3593,1,566
535,2,568
1841,7,541
1729,1,555
3247,0,560
3028,3,579
1870,4,572
2230,4,576
3146,6,567
3186,7,580
2964,1,548
1876,3,582
2694,4,565
422,6,563
939,4,544
2071,6,575
903,7,541
142,7,564
4906,0,579
1051,3,545
1774,4,550
2984,2,565
272,3,583
809,6,549
781,7,561
4293,7,582
3829,0,585
190,1,555
605,6,582
3264,0,548
2813,2,571
4702,3,587
1987,6,540
1074,7,567
335,2,563
1435,4,577
4716,6,579
854,6,584
4722,1,571
198,0,548
4752,1,548
441,2,565
2962,6,559
410,7,550
268,2,574
4548,4,567
3541,4,575
731,5,564
1068,6,554
1842,2,565
2775,2,571
2406,4,574
389,5,571
2051,6,555
2540,7,592
3409,0,582
3507,1,579
2922,6,583
1092,3,560
4754,1,553
3851,1,562
842,5,593
4927,7,584
2161,2,572
4537,4,568
4418,6,573
960,7,587
3729,2,562
3702,0,572
3666,2,600
459,3,575
2329,3,585
3532,4,583
1506,2,556
1642,2,593
3231,2,594
3347,4,563
2245,5,567
4836,6,593
911,0,566
3769,1,599
1405,3,603
192,5,574
2224,1,580
2258,4,593
3156,7,566
912,2,587
1724,2,604
3379,4,576
2316,5,557
3669,0,603
3627,3,589
4815,2,590
3223,0,571
4817,2,592
3216,4,566
2402,0,572
306,2,609
1489,5,594
4279,5,607
4710,1,583
4524,3,567
1800,4,600
1783,4,607
1089,0,569
435,2,607
4355,4,613
1893,0,578
0,0,610
3601,2,580
2832,6,587
2413,7,587
710,6,578
2194,2,589
3135,4,577
4498,7,574
2580,7,599
1277,6,588
536,6,592
2826,4,582
3850,6,601
1543,0,571
4746,7,596
950,0,605
4389,1,588
3764,4,585
4727,7,606
3771,2,574
3772,7,584
723,0,592
3214,4,582
4390,4,603
4976,5,605
4003,7,621
3159,1,579
4823,1,581
446,2,604
3608,4,614
3763,6,590
1301,6,604
3708,1,578
2357,1,591
1471,4,584
1965,4,594
1234,3,598
1744,7,589
3650,0,589
782,4,627
2470,6,596
4221,7,623
4342,2,602
3417,4,618
106,5,624
2048,0,629
347,2,610
320,2,614
3215,2,631
3588,3,628
2679,6,589
1017,0,588
3747,5,612
3746,6,619
2956,0,608
4723,6,590
2866,6,619
309,7,601
145,2,607
1047,6,597
3104,2,603
2154,1,592
1716,4,593
1078,4,610
1268,5,633
254,7,625
76,0,633
4592,1,606
1252,2,615
477,2,618
2803,2,632
3486,4,604
639,6,616
4415,6,626
4021,0,597
4753,1,599
905,2,632
4527,3,605
286,1,639
796,0,638
4485,0,641
4564,2,594
1663,4,624
840,1,627
3982,2,604
1241,3,613
462,7,630
1947,0,634
877,1,597
3249,5,599
3005,7,634
1104,1,641
4288,2,640
4141,4,606
3278,4,620
1103,5,612
212,5,631
3142,0,632
1324,5,604
2863,7,637
1141,4,613
3448,5,648
508,7,616
2216,7,618
4401,2,648
599,4,622
2968,0,611
776,3,603
3547,0,622
3430,0,647
1021,1,605
3877,6,626
256,6,640
70,0,621
2285,7,647
3551,1,622
3790,0,615
2715,0,615
3161,0,643
18,4,640
4425,1,613
2203,1,626
4108,1,655
2723,2,626
58,2,636
1139,1,647
3725,3,608
3954,1,637
368,4,626
3571,7,649
4131,1,627
149,2,640
1997,2,657
2350,6,620
4405,6,634
2400,2,612
440,4,624
2205,3,652
1251,2,623
3989,4,648
2563,6,660
2490,7,659
3987,2,639
948,4,627
3356,5,647
3992,6,640
620,0,653
649,3,632
4538,4,648
4142,7,628
3387,7,646
374,0,656
3422,5,637
1176,2,661
2753,7,618
4016,0,652
3239,0,649
3016,1,648
490,1,653
3472,4,631
4732,5,667
892,6,653
3129,6,653
812,0,624
3059,1,642
3604,7,650
193,1,658
4398,3,641
3812,7,622
1856,0,644
1340,2,632
2170,5,650
3495,6,630
554,2,644
641,4,663
1834,5,673
2036,7,666
1605,1,659
973,6,660
2825,6,670
2407,2,675
2822,3,658
2669,5,648
1884,5,665
3496,6,634
1561,6,635
2678,0,656
2163,2,635
2223,4,629
333,4,650
1113,6,665
3573,7,666
1060,3,646
4300,5,677
827,6,670
284,7,672
494,3,677
226,6,633
1484,1,657
3203,2,651
3051,2,641
1307,6,632
3609,7,679
4914,1,671
4587,3,672
1536,4,637
4824,6,663
3654,6,676
4008,0,656
1879,0,671
161,1,645
406,2,660
882,4,644
4211,6,684
1755,0,654
1309,4,637
2355,2,685
319,3,684
209,0,669
1231,2,660
1801,2,682
1083,6,680
1719,6,685
4009,0,670
4338,3,679
129,0,666
1685,5,649
501,3,680
3756,4,651
813,6,674
4665,4,684
3724,0,653
1571,0,688
1621,4,678
4270,4,666
2390,1,676
1896,2,664
3099,4,659
2704,1,657
775,1,660
2322,3,689
2658,7,663
3535,7,671
4990,6,678
4683,1,696
4796,1,697
404,2,668
1278,3,662
1813,2,657
1250,2,688
3147,1,657
2136,2,688
2795,4,693
4134,6,698
2856,7,654
884,1,672
4786,2,701
229,4,685
2183,4,694
4484,0,685
4656,4,656
646,6,688
4776,0,667
3069,1,670
476,4,670
1739,6,676
3504,1,702
3674,2,663
93,3,666
2422,5,677
746,6,679
4105,0,690
2179,3,706
4046,4,661
1705,7,675
826,4,665
1880,6,677
4201,1,703
622,1,709
4571,2,673
439,7,668
4048,2,681
3411,3,707
2961,1,684
279,2,677
3785,2,678
2887,0,694
1421,1,685
4371,4,695
2083,1,670
861,1,714
2293,6,677
2835,0,686
3744,5,670
4482,6,682
4042,2,711
2546,3,687
1334,2,700
4813,4,707
4865,6,692
4729,6,717
3072,3,713
3294,6,706
4952,0,673
491,1,681
2469,2,706
405,4,686
4209,4,703
968,2,687
2287,4,678
555,6,708
4092,6,721
922,7,678
1259,0,678
2737,1,722
1491,2,702
3663,5,675
4015,7,697
1164,7,707
3301,3,692
774,4,675
3385,5,691
2653,5,679
987,2,719
2930,5,706
2235,7,682
1675,7,711
1735,1,705
1364,5,725
4082,0,705
757,5,727
1899,6,704
2909,7,727
2353,0,689
2780,4,705
4138,6,684
610,0,685
159,6,688
866,7,702
4347,3,700
445,2,720
2076,7,697
4295,1,700
82,1,706
3873,3,733
3358,7,724
2295,2,696
1592,4,703
2941,6,723
3938,6,718
1315,6,731
2814,0,704
4735,2,701
1502,5,728
1657,1,697
113,3,697
573,4,702
4197,4,708
1443,4,725
4356,0,694
4774,1,700
3311,2,722
2050,4,704
3885,6,702
2227,7,732
8,2,715
1345,2,736
4749,3,721
3171,4,722
1989,6,720
583,6,732
1618,4,696
1022,5,730
1866,6,723
2045,2,743
1010,4,743
3154,0,731
2376,1,717
3160,2,703
4717,3,725
482,4,740
3602,5,718
4249,0,741
3845,4,720
2393,0,707
434,4,723
638,2,742
667,0,748
1638,3,735
2435,4,746
2730,3,719
4549,0,718
2722,1,735
875,4,748
3652,0,722
3312,1,711
67,2,746
1563,0,716
128,4,731
469,7,723
1279,0,724
2148,0,746
1835,1,728
859,4,716
4095,6,705
2933,3,743
778,5,746
297,0,755
2062,1,717
1144,2,713
3302,6,743
4374,2,714
3784,6,720
688,3,751
3909,5,744
108,1,740
656,4,755
4070,1,735
1967,1,753
1131,2,724
475,7,727
1871,1,716
967,6,730
2610,4,722
4763,4,750
77,2,723
4767,2,734
4830,7,724
1070,1,724
1201,5,756
2768,1,742
751,7,734
1177,5,724
2544,4,736
2094,4,744
682,6,743
42,0,753
3660,2,727
73,7,742
4955,7,768
3481,7,730
681,0,752
2391,3,746
4268,4,740
2078,5,769
2680,5,726
628,4,745
2478,5,767
2591,6,763
322,0,730
1816,0,732
4053,2,762
4946,2,765
269,4,774
3316,6,736
4811,6,737
3614,0,771
4319,2,738
931,4,747
4991,0,778
103,0,780
3624,7,735
1789,7,765
2884,2,743
1941,2,749
1839,3,750
634,3,759
1838,4,740
1,6,737
2935,7,781
2696,4,764
2208,4,764
694,7,754
1465,1,752
107,1,767
4246,4,761
4193,6,770
3500,6,777
1620,0,738
2020,0,754
3441,6,744
4195,6,755
2064,1,757
3615,2,745
1468,2,757
1366,0,757
1851,2,753
2633,4,742
1798,4,785
1741,7,762
4649,0,750
4040,1,755
4750,2,758
1909,0,779
4559,1,789
2251,1,762
43,4,754
138,4,790
4516,3,756
2466,4,752
2558,0,781
1352,4,779
4447,5,775
381,1,787
4022,3,774
4871,4,770
4678,7,771
4994,0,788
2468,4,777
3699,4,783
188,7,790
2662,6,778
2791,0,755
424,2,765
10,1,795
3202,1,796
4187,6,757
2603,1,761
486,1,762
1218,2,789
2834,4,778
3545,1,768
3195,2,771
1544,6,802
2575,2,783
4314,6,758
162,1,804
2582,4,798
4208,5,759
1199,5,776
2595,7,781
2993,0,803
1761,1,763
1314,2,778
3438,2,782
384,7,785
4271,2,790
2404,4,790
2659,6,778
4863,4,770
750,4,787
1770,4,806
980,7,801
923,0,778
3641,7,773
3073,3,798
2256,4,799
450,0,801
841,2,778
588,4,796
2782,5,799
4369,0,799
1822,2,807
4269,5,777
2261,6,808
747,3,783
4579,6,788
3814,0,774
123,1,793
4614,1,805
658,3,783
12,7,772
547,2,811
1579,6,787
4673,0,818
718,5,817
4205,6,787
4804,1,786
437,4,785
4726,6,784
2417,2,810
3837,6,825
1450,5,819
2830,1,804
1308,6,788
3342,2,822
2369,4,813
2859,7,784
1524,0,790
2143,0,810
933,1,805
1365,0,788
4646,2,810
4407,6,812
2244,2,808
2212,6,819
890,2,827
2689,4,809
671,4,817
2864,0,793
3361,5,809
4458,0,794
4158,0,815
3623,0,821
353,4,796
3750,5,835
3031,7,810
1647,2,793
4290,4,834
3058,0,836
4963,4,801
2774,4,813
2597,4,834
1895,7,814
2627,7,830
4882,2,789
2325,3,820
1253,4,800
4428,5,809
4526,7,800
3887,5,839
4298,4,813
1474,4,836
3980,2,803
1321,2,839
4426,6,807
3124,7,809
2086,4,838
3334,2,806
3678,2,817
3966,1,800
3132,6,804
245,6,833
4409,2,842
1360,4,837
2075,1,810
4748,4,830
1298,3,800
1418,4,847
4286,2,832
4043,4,841
1537,1,807
2379,1,826
271,4,816
1812,5,828
400,7,838
4324,4,838
940,0,838
679,3,816
401,3,821
1674,3,839
1228,5,840
4073,1,821
3580,0,817
2767,1,809
615,0,824
4680,4,851
4304,6,829
3497,7,838
1765,0,835
2184,1,847
4164,2,844
603,3,857
3949,4,812
626,6,822
3550,0,832
985,4,846
569,4,854
37,5,836
4512,3,857
3479,7,815
4892,0,831
115,1,845
3265,5,825
3939,7,821
1142,0,831
4820,2,861
4218,7,853
2039,1,831
157,2,818
2902,2,844
1796,6,820
1158,0,859
3217,4,838
1302,7,839
492,0,836
3082,1,821
321,7,836
493,0,869
2124,3,855
1249,5,864
433,6,827
516,2,834
3715,4,862
709,2,833
3640,6,826
3478,6,832
4689,7,860
1600,7,864
4493,2,846
3510,3,863
937,1,829
2731,4,826
846,4,862
2881,4,850
3452,6,845
472,0,855
1347,5,870
3931,6,860
2645,2,830
1778,2,851
3396,2,842
4346,2,867
4397,2,871
4230,4,839
2342,5,862
488,6,842
1526,6,873
2568,7,868
4088,2,865
3140,6,876
792,1,853
3831,4,871
4035,2,837
3291,4,841
2429,4,843
4212,4,853
1434,4,868
4755,5,853
355,0,862
3749,1,853
1361,0,865
1220,0,836
3275,1,875
2128,0,877
1937,4,881
686,0,886
1229,6,867
1776,0,864
2547,3,870
808,1,869
2942,7,865
1240,2,873
2841,1,858
3084,4,876
2002,7,873
156,0,888
2339,1,885
613,2,867
1976,2,879
3592,6,845
3152,7,863
2191,0,870
4561,0,893
3101,1,881
1634,3,850
736,5,882
992,7,873
4509,0,861
1717,6,877
1683,0,883
3234,3,874
669,6,879
706,4,860
1514,4,861
4601,4,875
1710,5,857
3773,1,889
4808,1,893
387,7,869
2800,1,859
4948,1,895
51,6,861
2305,6,896
398,1,891
7,1,901
2655,4,879
2985,4,898
361,6,880
3882,0,885
2228,4,882
3787,0,860
2063,1,864
3840,2,874
3211,2,879
3370,3,861
2654,0,868
260,2,893
3476,4,882
2870,0,904
1819,4,903
52,7,892
4103,0,905
3826,4,882
2979,2,879
3105,1,861
1695,2,910
2286,0,894
2854,4,903
2004,4,875
4322,4,898
3053,5,895
3948,6,870
2916,6,873
3,0,912
151,1,867
901,4,898
1466,7,895
3492,2,882
1624,2,878
2862,5,877
4633,4,891
2273,0,896
1266,1,915
1869,2,878
4619,2,918
4698,0,884
767,0,887
3420,3,888
956,4,882
4600,6,893
3290,2,905
1194,6,879
3857,1,883
1102,4,922
3670,0,922
3168,2,893
1696,4,886
4642,1,903
377,0,908
2443,4,925
2677,4,913
3866,6,887
2613,1,905
2944,2,880
3292,4,917
2451,5,879
444,6,897
587,7,879
1837,2,905
4681,3,905
2158,1,926
1039,3,897
4934,7,889
860,2,890
4411,6,903
2120,7,901
4834,2,906
754,3,895
1285,1,929
2348,4,907
3634,7,893
3694,4,912
3538,7,917
1797,0,914
2923,1,903
4116,7,929
4846,0,897
659,1,901
871,1,902
4975,5,913
2055,7,937
2000,1,941
133,4,920
3003,0,895
1940,1,902
3309,4,924
4999,4,942
4495,7,907
1291,7,941
4364,2,925
817,7,944
1694,0,922
1196,5,899
648,6,902
3758,0,907
4890,4,908
2649,5,929
4982,2,933
1595,4,929
684,2,929
110,4,944
1297,7,938
2534,2,911
255,3,935
3229,6,902
2857,0,925
4204,7,949
1538,0,939
3219,2,945
4916,1,942
880,6,934
2372,4,904
4123,4,913
3392,3,932
1804,4,906
4147,4,937
3376,6,913
3030,6,922
855,6,950
4607,2,930
2584,3,930
2265,6,928
2331,7,945
4789,5,919
2414,2,921
382,6,953
2926,7,934
3542,1,924
2013,1,943
4217,6,923
1046,1,921
1178,2,923
514,2,919
1095,4,948
1295,7,932
674,3,922
2456,4,927
3363,4,947
1485,5,946
3103,1,939
1529,7,936
611,0,921
2888,4,928
1901,5,959
552,0,938
394,0,927
1738,1,953
4792,6,961
1004,0,946
3821,2,921
1163,5,947
351,4,964
2665,1,965
4121,0,969
1323,4,936
924,4,943
4265,1,969
2966,7,951
1517,7,963
1905,1,931
3975,4,964
1303,2,948
570,5,941
392,1,936
4518,2,952
2135,0,970
3830,1,938
971,3,950
4492,6,929
3777,7,960
4061,2,970
1015,5,970
2351,4,966
4146,6,957
3153,6,960
1215,0,947
2945,1,961
993,1,961
2638,1,976
1212,3,979
4258,4,974
3554,2,958
3867,2,960
2315,4,963
3836,2,962
825,3,964
2511,4,954
4760,0,952
250,4,982
1748,2,950
1107,6,946
1023,5,966
4163,6,956
330,7,944
788,7,975
3419,4,949
2804,0,943
3662,4,974
4586,6,969
2060,0,951
862,6,979
3306,1,962
3713,3,982
1428,1,975
1892,2,984
4988,2,987
3709,4,976
3270,4,983
3770,1,973
2432,1,982
3446,1,997
1827,2,949
1076,2,996
4059,3,955
1088,5,977
3913,5,988
3895,2,977
2685,4,971
1614,4,981
1035,5,980
2059,7,958
799,2,980
2356,4,992
4936,0,966
571,4,954
2965,6,957
1048,4,955
1629,5,1000
1656,0,974
2734,2,1000
1000,5,999
2526,7,979
3080,0,967
4185,1,998
3635,5,964
2845,5,1005
4577,7,965
2860,3,958
2012,6,958
2127,6,981
2115,7,975
59,1,978
4894,2,963
1096,2,978
2797,0,979
1362,5,1004
4067,7,1006
3809,1,982
2299,3,994
3011,2,983
4378,4,986
1059,6,992
3469,4,1015
3922,7,1009
4014,4,996
4849,6,993
4657,3,999
4868,1,997
2936,2,983
3296,3,984
3621,4,1000
806,0,992
346,1,979
2255,1,1020
717,1,1012
2462,4,996
1346,5,999
1414,0,982
1753,1,995
2018,2,1002
764,6,981
2995,0,986
3395,1,982
1875,7,990
3276,1,1025
1811,4,984
1690,1,1023
181,2,1010
899,5,1024
631,7,989
1338,1,1010
228,4,1003
4167,4,1004
4387,6,988
730,7,1011
1906,0,1006
3143,2,1029
1825,1,994
1918,4,1002
285,5,1006
465,6,987
3372,4,991
711,4,1028
2029,6,1008
2364,7,1001
3258,2,1021
1349,2,999
2344,2,999
1389,2,1032
4037,6,1034
3189,4,1033
2588,2,1036
2297,2,1036
425,6,1003
178,0,993
2156,5,1033
1582,6,1025
4341,4,1031
4536,6,1015
867,6,1017
247,0,1003
1411,1,1031
3872,4,1000
1399,5,1039
1584,6,1031
1040,4,1031
4083,2,996
2905,4,1017
2346,6,1033
2324,2,1038
4721,1,1024
288,0,1022
4483,2,1005
2823,2,1043
2425,4,1024
328,7,1026
4802,4,1042
2389,0,1032
4662,4,1041
98,0,1039
2378,1,1026
2700,1,1027
63,2,1010
430,2,1050
4106,5,1011
2133,7,1005
408,0,1005
513,1,1006
1986,6,1036
3477,6,1039
1342,6,1040
756,0,1011
1706,4,1034
296,7,1046
4521,4,1021
246,5,1030
2248,0,1052
1486,1,1033
500,5,1006
4353,6,1041
230,3,1007
1830,7,1016
4582,6,1009
4979,0,1046
1325,1,1029
2096,4,1040
1033,1,1022
2605,2,1013
337,3,1021
33,4,1048
914,7,1057
34,3,1019
3076,1,1050
3439,1,1052
4093,3,1012
4118,2,1025
1939,0,1041
4596,0,1050
293,1,1059
1305,3,1056
2977,4,1016
2003,7,1030
4320,0,1055
2238,0,1059
176,2,1038
2833,7,1053
938,4,1034
1386,4,1037
836,0,1025
616,1,1060
354,0,1026
2839,1,1041
1968,6,1055
1495,1,1045
2359,3,1061
1244,4,1049
2899,6,1043
2912,0,1065
1247,2,1036
2695,3,1062
3013,7,1031
1566,7,1034
1889,7,1051
3112,0,1066
201,5,1041
2108,0,1072
225,1,1065
2868,5,1054
541,2,1046
136,5,1051
3906,1,1050
1872,1,1073
2250,2,1046
4783,4,1069
207,6,1052
131,1,1078
2690,4,1069
2147,5,1079
2332,6,1052
3310,1,1062
3034,2,1035
4089,6,1075
2267,4,1060
1520,1,1055
3449,2,1044
498,2,1051
4153,6,1040
594,7,1065
2440,5,1055
2475,5,1078
1627,0,1077
1784,5,1086
3959,6,1038
183,0,1087
2747,4,1043
2330,2,1060
4179,2,1064
1764,0,1053
487,0,1065
1469,2,1085
2032,0,1049
4184,3,1060
26,4,1053
3403,4,1065
3303,4,1046
1130,1,1082
520,1,1062
2570,1,1080
1981,6,1073
3890,7,1076
1090,2,1066
4097,2,1079
1031,4,1054
3659,6,1052
2561,4,1059
4728,6,1058
4900,1,1071
158,4,1080
1062,4,1101
4951,7,1085
544,4,1102
3671,7,1060
30,0,1089
2476,2,1099
2709,7,1068
2079,0,1094
4603,2,1099
1737,3,1074
1262,3,1094
2131,1,1080
2837,5,1086
959,2,1105
927,3,1065
46,3,1106
695,6,1081
3745,0,1066
189,0,1105
545,2,1082
1261,6,1080
2776,0,1092
173,4,1081
2523,5,1081
2952,1,1102
3141,2,1076
4383,1,1097
505,0,1071
2532,0,1076
4176,0,1093
1787,1,1097
85,4,1074
1056,4,1084
3766,6,1083
1950,7,1104
1217,1,1096
2017,7,1076
4480,1,1074
4332,4,1113
2940,5,1077
1475,2,1085
3910,5,1087
1632,6,1088
4701,0,1104
3494,4,1103
1455,5,1113
4810,0,1112
2066,3,1076
1256,4,1117
2525,0,1113
2577,1,1107
1655,4,1089
3970,3,1110
396,6,1085
1589,7,1076
2099,0,1078
4711,1,1117
1653,5,1107
1275,1,1115
4771,1,1081
596,2,1080
1924,4,1094
17,4,1100
580,1,1119
1809,4,1122
1668,6,1124
1093,0,1117
3719,1,1085
4699,3,1105
1236,4,1123
2681,0,1125
1452,2,1120
4973,4,1127
1564,7,1102
4434,6,1101
4171,7,1117
3336,1,1125
3451,3,1122
95,4,1094
244,6,1120
2367,0,1123
1061,2,1093
2574,6,1117
872,0,1116
1492,2,1112
532,4,1129
3038,1,1123
4250,2,1090
2010,3,1111
369,2,1091
166,4,1119
951,6,1112
4675,7,1124
1333,2,1131
4556,6,1097
3606,6,1139
837,7,1103
4615,1,1114
4595,1,1133
728,3,1124
3506,2,1104
1374,4,1127
2664,0,1122
75,4,1095
2818,5,1121
24,2,1135
1817,2,1139
1404,4,1102
998,5,1125
2721,6,1100
4547,7,1098
2587,1,1129
205,4,1117
2506,1,1136
3162,6,1132
3955,2,1110
1415,4,1130
4020,6,1134
458,0,1112
2566,2,1127
2320,6,1138
2424,0,1131
2874,1,1118
1862,2,1134
1146,0,1116
2433,0,1130
1257,6,1111
3620,0,1121
4077,2,1138
211,3,1130
3979,4,1121
4025,7,1118
243,2,1114
1284,4,1131
1271,4,1138
1462,5,1120
4223,3,1133
4081,5,1119
895,2,1136
2090,0,1135
3456,1,1130
4174,4,1135
2307,3,1137
2614,1,1127
529,6,1129
2929,7,1138
3389,1,1126
2453,7,1131
4292,7,1132
3736,0,1134
4513,6,1133
111,4,1133
